1)REPOUSO;
1)MOVE(18.33,-4.37,9.6,-80);
1)MOVE(18.22,0,9.6,-80);
1)MOVE(18.41,4.71,9.6,-80);
1)MOVE(21.21,-4.31,9.6,-80);
1)MOVE(21.34,0,9.6,-80);
1)MOVE(21.15,4.30,9.6,-80);
1)MOVE(24.19,-4.08,9.6,-80);
1)MOVE(24.53,0,9.6,-80);
1)MOVE(24.45,4.12,9.6,-80);
1)MOVE(15.73,10.80,9.6,-80);
1)MOVE(18.66,10.64,9.6,-80);
1)MOVE(21.51,10.44,9.6,-80);
1)MOVE(23.95,10.16,9.6,-80);
1)MOVE(27.06,9.91,9.6,-67);
1)MOVE(16.24,-10.75,9.6,-80);
1)MOVE(19.47,-10.67,9.6,-80);
1)MOVE(21.58,-10.46,9.6,-80);
1)MOVE(24.60,-9.95,9.6,-80);
1)MOVE(27.24,-9.97,9.6,-67);
